   0.0000000e+00	   0.0000000e+00	
   1.3170101e+01	   4.4920825e+01	
  -4.0385751e+01	   7.0830476e+01	
  -3.5368207e+01	   4.9436842e+01	
  -5.2363201e+01	   6.5376377e+01	
   2.7504956e+01	   1.3537743e+02	
  -5.0002574e+00	   2.1603595e+02	
   1.7697122e+01	   2.3219562e+02	
   3.6220574e+01	   2.4850093e+02	
   3.7080864e+01	   3.0088646e+02	
   7.4795793e+01	   3.5078700e+02	
   9.5557954e+01	   3.4188471e+02	
   1.2048387e+02	   3.9929816e+02	
   1.4077426e+02	   4.3965434e+02	
   1.6732805e+02	   4.5203207e+02	
   1.8405895e+02	   4.5272249e+02	
   2.1533434e+02	   4.4134809e+02	
   2.0056973e+02	   4.3392632e+02	
   1.4092987e+02	   4.7607632e+02	
   1.5165759e+02	   4.6685140e+02	
   1.8146922e+02	   4.3766323e+02	
   1.8059429e+02	   4.3895553e+02	
   1.9293195e+02	   4.4973265e+02	
   1.7682921e+02	   4.5346280e+02	
   1.7667741e+02	   4.7403690e+02	
   2.0392555e+02	   5.0675872e+02	
   1.8623137e+02	   5.1767879e+02	
   1.6175171e+02	   5.0233729e+02	
   1.6206486e+02	   5.4730886e+02	
   1.4225450e+02	   5.6365425e+02	
   1.3544984e+02	   6.0137311e+02	
   1.0705914e+02	   6.1437435e+02	
   1.1670094e+02	   6.5390005e+02	
   1.4890730e+02	   6.6929556e+02	
   1.1350210e+02	   6.6647570e+02	
   9.0026803e+01	   7.3450778e+02	
   7.2147854e+01	   7.6476574e+02	
   6.2237648e+01	   8.0356699e+02	
   3.8606082e+01	   7.8870026e+02	
  -5.6468496e-01	   8.1687498e+02	
  -1.2506316e+01	   8.2481953e+02	
   1.1407323e+01	   8.4482952e+02	
   9.4916709e+00	   8.9462579e+02	
  -1.1809453e+01	   9.2525110e+02	
   4.8967834e+00	   9.3694456e+02	
   6.2121042e+00	   9.2633000e+02	
  -2.2118589e+01	   9.4240288e+02	
  -7.3369723e+00	   1.0139449e+03	
  -2.6998763e+01	   1.0320585e+03	
  -3.1358106e+01	   1.0052711e+03	
  -4.5593377e+01	   9.7791743e+02	
  -2.9746492e+01	   9.6483667e+02	
  -3.0936568e+01	   9.5587869e+02	
  -2.4965508e+01	   9.4469915e+02	
  -1.4317616e+01	   9.6474830e+02	
   2.6130573e+01	   9.6351045e+02	
  -2.1727405e+01	   9.4939869e+02	
   1.3406520e+01	   9.2863905e+02	
   3.4937313e+01	   9.3358893e+02	
   7.2102503e+01	   8.8820912e+02	
   7.3421975e+01	   8.6004763e+02	
   1.4948938e+02	   8.7537500e+02	
   1.9043898e+02	   8.4671227e+02	
   1.9409141e+02	   8.3912927e+02	
   2.3410361e+02	   8.2969855e+02	
   2.6229297e+02	   7.7894011e+02	
   2.6713767e+02	   7.5551812e+02	
   2.4230642e+02	   7.5955876e+02	
   2.5720675e+02	   7.5354268e+02	
   2.3027351e+02	   7.7633208e+02	
   2.4263747e+02	   7.6763294e+02	
   2.4485810e+02	   7.6240138e+02	
   2.0677417e+02	   7.5546531e+02	
   1.8864523e+02	   7.3158471e+02	
   1.5854139e+02	   7.1703518e+02	
   1.0692263e+02	   7.3584567e+02	
   1.1172273e+02	   7.3251414e+02	
   1.0167592e+02	   7.1379664e+02	
   1.1992683e+02	   7.0987501e+02	
   9.9384610e+01	   7.3940043e+02	
   9.2448338e+01	   7.2508577e+02	
   8.2079711e+01	   7.0728716e+02	
   5.2056274e+01	   7.6639988e+02	
   8.6295117e+01	   7.7438231e+02	
   5.1997255e+01	   7.6075888e+02	
   4.6374100e+01	   7.8446563e+02	
   1.0384686e+01	   7.3275579e+02	
  -2.9289565e+01	   7.4307146e+02	
  -2.9062524e+01	   7.5136088e+02	
  -4.2135047e+01	   7.5587437e+02	
  -6.0765364e+01	   7.7794753e+02	
  -1.0011261e+02	   7.9166830e+02	
  -1.2893170e+02	   7.8883556e+02	
  -1.2730961e+02	   8.1827226e+02	
  -1.6447010e+02	   8.5266538e+02	
  -1.5808022e+02	   8.5893322e+02	
  -1.7265338e+02	   8.6315876e+02	
  -1.8723969e+02	   8.7121795e+02	
  -1.9370885e+02	   8.9698341e+02	
  -1.6533426e+02	   9.1478431e+02	
  -1.7551712e+02	   9.3807864e+02	
  -1.7318016e+02	   9.2302115e+02	
  -1.5375912e+02	   9.3872100e+02	
  -1.5232244e+02	   9.5656098e+02	
  -1.4607781e+02	   9.4127467e+02	
  -1.5005809e+02	   9.4446246e+02	
  -1.6290640e+02	   9.8812630e+02	
  -1.8520993e+02	   9.8248175e+02	
  -2.0576483e+02	   9.6354189e+02	
  -2.1623075e+02	   9.6245002e+02	
  -1.8687538e+02	   9.5904317e+02	
  -2.1647777e+02	   9.9914207e+02	
  -1.8923903e+02	   9.9767910e+02	
  -2.2808510e+02	   9.9448699e+02	
  -2.3370899e+02	   1.0064091e+03	
  -2.4554614e+02	   1.0213537e+03	
  -2.4171159e+02	   9.9745766e+02	
  -2.6898413e+02	   9.8494418e+02	
  -2.8551882e+02	   9.7865396e+02	
  -2.9208289e+02	   9.0737172e+02	
  -3.0985837e+02	   9.3389921e+02	
  -3.4156114e+02	   9.4922717e+02	
  -3.4129087e+02	   9.4798865e+02	
  -3.4594652e+02	   9.1294544e+02	
  -3.5470420e+02	   9.5073785e+02	
  -3.5831918e+02	   9.5032130e+02	
  -3.8131799e+02	   9.5264897e+02	
  -3.8174977e+02	   9.6532695e+02	
  -3.9743540e+02	   9.6256364e+02	
  -3.5579412e+02	   9.1266665e+02	
  -3.0761927e+02	   9.2082905e+02	
  -2.8160188e+02	   8.7772776e+02	
  -2.8881531e+02	   8.6794383e+02	
  -2.7303175e+02	   8.2246853e+02	
  -2.5879179e+02	   7.8722339e+02	
  -2.5353677e+02	   7.9266488e+02	
  -2.4201279e+02	   8.0863808e+02	
  -2.1495802e+02	   7.8835091e+02	
  -2.0455504e+02	   7.6350973e+02	
  -2.2986792e+02	   7.8040428e+02	
  -2.2614559e+02	   7.7394667e+02	
  -2.0451970e+02	   7.8573861e+02	
  -1.9484416e+02	   8.1356706e+02	
  -1.6930376e+02	   8.2025988e+02	
  -1.8103144e+02	   8.0841152e+02	
  -1.4797479e+02	   7.7273393e+02	
  -1.4487825e+02	   7.2549342e+02	
  -1.1503436e+02	   7.3945400e+02	
  -1.0933842e+02	   7.2976184e+02	
  -1.6096571e+02	   7.3922557e+02	
  -2.0949902e+02	   6.8138715e+02	
  -2.1240171e+02	   6.5515510e+02	
  -2.1039604e+02	   6.6170642e+02	
  -1.9504044e+02	   6.3670182e+02	
  -1.8645656e+02	   6.3278263e+02	
  -1.6642337e+02	   6.3851553e+02	
  -1.4327881e+02	   6.3031115e+02	
  -1.4266927e+02	   6.5054643e+02	
  -1.8789819e+02	   6.3602326e+02	
  -2.1665830e+02	   6.2612727e+02	
  -2.0621773e+02	   6.4283585e+02	
  -2.3561000e+02	   6.2927654e+02	
  -2.3607863e+02	   6.2151202e+02	
  -2.3413233e+02	   6.2850081e+02	
  -2.5958719e+02	   6.2197523e+02	
  -3.1321941e+02	   6.4760549e+02	
  -3.3529315e+02	   6.1864287e+02	
  -3.5248677e+02	   5.8554070e+02	
  -3.6354032e+02	   5.6832448e+02	
  -3.2154700e+02	   5.8833126e+02	
  -3.8624198e+02	   5.9335364e+02	
  -4.2243443e+02	   5.8585822e+02	
  -4.2909405e+02	   6.0250865e+02	
  -4.4711942e+02	   6.3870448e+02	
  -4.6806723e+02	   6.4867439e+02	
  -4.6196915e+02	   6.5589504e+02	
  -4.5004905e+02	   6.6804990e+02	
  -4.7409955e+02	   6.2951081e+02	
  -4.3468570e+02	   6.1736543e+02	
  -4.3663280e+02	   6.2789103e+02	
  -4.3407841e+02	   6.0412044e+02	
  -4.4596643e+02	   5.9978495e+02	
  -4.1279619e+02	   5.7626532e+02	
  -3.9577522e+02	   5.7994853e+02	
  -3.9892891e+02	   5.5061287e+02	
  -4.0303294e+02	   5.4466944e+02	
  -4.3699643e+02	   5.4352079e+02	
  -4.5828772e+02	   5.3674826e+02	
  -4.5613726e+02	   5.1189225e+02	
  -4.6900087e+02	   5.1586519e+02	
  -5.1687383e+02	   5.3497672e+02	
  -4.6638518e+02	   5.5501801e+02	
  -4.8108332e+02	   5.6591815e+02	
  -5.0661287e+02	   6.1282222e+02	
  -4.8805608e+02	   6.3589369e+02	
  -5.1346366e+02	   6.5165168e+02	
  -5.2967759e+02	   6.5252911e+02	
  -5.4872547e+02	   6.3521176e+02	
  -5.7686106e+02	   6.3419178e+02	
  -6.2491246e+02	   6.4961719e+02	
  -6.3832044e+02	   6.6772251e+02	
  -6.4478251e+02	   6.8312545e+02	
  -6.9044357e+02	   6.6431074e+02	
  -7.1132778e+02	   6.7127683e+02	
  -6.9770319e+02	   6.6609625e+02	
  -6.7895039e+02	   6.7911536e+02	
  -6.5731532e+02	   6.8380498e+02	
  -6.7503539e+02	   6.5180081e+02	
  -6.7267214e+02	   6.7243193e+02	
  -6.8313026e+02	   6.5868342e+02	
  -6.9402971e+02	   6.3381423e+02	
  -7.1032544e+02	   6.2820325e+02	
  -7.1488172e+02	   6.2337377e+02	
  -7.0669495e+02	   6.2323240e+02	
  -6.6885180e+02	   6.2857612e+02	
  -6.2783334e+02	   6.1055822e+02	
  -6.1174277e+02	   6.0358057e+02	
  -5.9126998e+02	   6.1502868e+02	
  -6.3694851e+02	   5.8187979e+02	
  -6.6775800e+02	   5.8983095e+02	
  -6.3717461e+02	   5.7832636e+02	
  -6.2270154e+02	   5.8885191e+02	
  -6.4712958e+02	   5.9609670e+02	
  -6.6442101e+02	   6.3167995e+02	
  -6.6840916e+02	   6.7234615e+02	
  -6.8282337e+02	   6.9272001e+02	
  -6.8850066e+02	   6.5408288e+02	
  -7.1634974e+02	   6.7470146e+02	
  -7.2290761e+02	   6.4962823e+02	
  -7.4452484e+02	   6.5741078e+02	
  -7.7453217e+02	   6.8005919e+02	
  -7.9784381e+02	   7.2449541e+02	
  -8.3320560e+02	   7.3487114e+02	
  -8.8000531e+02	   7.2656436e+02	
  -9.0730471e+02	   7.4268022e+02	
  -9.0033064e+02	   7.5426869e+02	
  -9.2233432e+02	   7.7889597e+02	
  -9.1340365e+02	   7.8802621e+02	
  -9.0921637e+02	   8.0517105e+02	
  -9.3879902e+02	   8.3012067e+02	
  -9.6049367e+02	   8.2377638e+02	
  -9.6539828e+02	   8.2445265e+02	
  -9.7797228e+02	   8.4377296e+02	
  -9.6158993e+02	   8.4412123e+02	
  -9.6084605e+02	   8.4442394e+02	
  -9.5953218e+02	   8.5950284e+02	
  -9.7770572e+02	   8.7043573e+02	
  -9.6772377e+02	   8.7817563e+02	
  -9.3204533e+02	   8.6960369e+02	
  -9.5124258e+02	   8.3318540e+02	
  -9.2923930e+02	   8.5505667e+02	
  -9.3250322e+02	   8.7530184e+02	
  -9.2805403e+02	   8.8519220e+02	
  -9.2609467e+02	   9.0070175e+02	
  -9.2436177e+02	   9.7195544e+02	
  -9.5263625e+02	   9.3697769e+02	
  -9.8167432e+02	   9.2281774e+02	
  -9.9783347e+02	   9.2317368e+02	
  -1.0109446e+03	   9.3789525e+02	
  -1.0096177e+03	   9.5841469e+02	
  -9.7458087e+02	   9.9225969e+02	
  -1.0083399e+03	   9.4486010e+02	
  -9.8820463e+02	   9.0836603e+02	
  -9.9047262e+02	   9.0817344e+02	
  -9.3955864e+02	   9.0290876e+02	
  -9.5114782e+02	   9.0663151e+02	
  -9.4142610e+02	   9.0749800e+02	
  -9.5443206e+02	   8.7907042e+02	
  -9.4641798e+02	   8.4693589e+02	
  -9.7170177e+02	   8.7421584e+02	
  -9.8294498e+02	   8.6660987e+02	
  -9.6585711e+02	   8.5933508e+02	
  -9.4503521e+02	   8.5038513e+02	
  -9.2119174e+02	   8.6368148e+02	
  -9.2353888e+02	   8.4212491e+02	
  -9.4463553e+02	   8.3549662e+02	
  -9.5425648e+02	   8.2351109e+02	
  -9.3346014e+02	   8.1385088e+02	
  -9.0837007e+02	   7.9817149e+02	
  -8.8376054e+02	   7.8228426e+02	
  -8.7520026e+02	   8.0069480e+02	
  -8.7962880e+02	   7.8672702e+02	
  -8.2855583e+02	   8.0791299e+02	
  -8.3462546e+02	   8.2199099e+02	
  -8.3587051e+02	   8.4032864e+02	
  -7.9829731e+02	   8.0575685e+02	
  -7.6986047e+02	   8.4244011e+02	
  -7.6103089e+02	   8.8340329e+02	
  -7.4896668e+02	   8.5941511e+02	
  -7.9365501e+02	   8.5812425e+02	
  -7.7284764e+02	   8.6769710e+02	
  -7.6355662e+02	   8.5582728e+02	
  -7.5778899e+02	   8.1909222e+02	
  -7.7251548e+02	   7.9864548e+02	
  -7.5801026e+02	   7.9340574e+02	
  -7.8435343e+02	   7.8802955e+02	
  -7.9960692e+02	   7.6849516e+02	
  -7.8151174e+02	   7.6747791e+02	
  -7.7418793e+02	   7.8400786e+02	
  -7.6906213e+02	   7.9473888e+02	
  -7.5131321e+02	   8.2288858e+02	
  -7.3776389e+02	   8.5873622e+02	
  -7.3341525e+02	   8.6343191e+02	
  -6.8926916e+02	   8.5885075e+02	
  -6.8429599e+02	   8.8568356e+02	
  -6.7291230e+02	   9.2297816e+02	
  -6.4218606e+02	   9.3705210e+02	
  -6.5379339e+02	   9.5974551e+02	
  -6.7922809e+02	   9.7436553e+02	
  -6.5731137e+02	   9.8840079e+02	
  -6.3586869e+02	   1.0449462e+03	
  -6.1015232e+02	   1.0612365e+03	
  -5.8873056e+02	   1.0846709e+03	
  -6.1183250e+02	   1.0870585e+03	
  -5.7640577e+02	   1.0971128e+03	
  -5.5868611e+02	   1.0822429e+03	
  -5.4999520e+02	   1.1034892e+03	
  -5.7468712e+02	   1.1169078e+03	
  -5.7390453e+02	   1.1018337e+03	
  -5.7331793e+02	   1.0634984e+03	
  -6.2191581e+02	   1.0377531e+03	
  -6.4568729e+02	   1.0074795e+03	
  -6.9184824e+02	   1.0096452e+03	
  -7.3699166e+02	   1.0072796e+03	
  -7.2940161e+02	   1.0047786e+03	
  -7.3822628e+02	   9.9451034e+02	
  -7.8001071e+02	   9.9226418e+02	
  -7.6456748e+02	   1.0316490e+03	
  -7.8314434e+02	   9.9400076e+02	
  -7.8454983e+02	   1.0057464e+03	
  -7.9556942e+02	   9.7773797e+02	
  -7.5274393e+02	   9.2149467e+02	
  -7.6764598e+02	   8.8515093e+02	
  -7.8158744e+02	   8.8244593e+02	
  -7.8009573e+02	   8.5558379e+02	
  -7.6480378e+02	   8.6240134e+02	
  -7.5110037e+02	   8.4498670e+02	
  -7.2562906e+02	   8.5538885e+02	
  -6.6387311e+02	   8.7563447e+02	
  -6.3006945e+02	   8.7523999e+02	
  -6.4899654e+02	   8.6706345e+02	
  -6.5706380e+02	   8.5344408e+02	
  -6.3985677e+02	   8.3840330e+02	
  -6.5825139e+02	   8.2532437e+02	
  -6.5909349e+02	   8.3057303e+02	
  -6.8104316e+02	   8.3402782e+02	
  -6.7969246e+02	   8.6313561e+02	
  -6.8679537e+02	   8.6004231e+02	
  -7.1576913e+02	   8.2988566e+02	
  -7.1109103e+02	   8.2386275e+02	
  -7.0346525e+02	   7.9933683e+02	
  -6.6049167e+02	   7.9815853e+02	
  -6.3447734e+02	   7.8775833e+02	
  -6.3225480e+02	   8.0004719e+02	
  -6.1266062e+02	   7.7048342e+02	
  -6.4360467e+02	   7.4221734e+02	
  -6.7307984e+02	   7.3778957e+02	
  -6.8430713e+02	   7.2206140e+02	
  -7.2059488e+02	   7.3448044e+02	
  -7.1540282e+02	   7.2727815e+02	
  -6.9775260e+02	   7.0385859e+02	
  -6.9089599e+02	   7.0816931e+02	
  -6.8255498e+02	   6.8590678e+02	
  -6.7390280e+02	   6.6946967e+02	
  -6.9347505e+02	   6.3511218e+02	
  -6.6819085e+02	   6.0772367e+02	
  -6.7263100e+02	   5.6945995e+02	
  -6.7775779e+02	   4.8210090e+02	
  -7.0275484e+02	   4.3318774e+02	
  -7.2794245e+02	   4.0700870e+02	
  -7.3997600e+02	   4.3236877e+02	
  -7.5929956e+02	   4.1090657e+02	
  -8.0214685e+02	   3.8995323e+02	
  -8.4132648e+02	   3.8016105e+02	
  -8.3227215e+02	   3.7891667e+02	
  -8.5973642e+02	   3.3112389e+02	
  -8.3318368e+02	   3.6990029e+02	
  -8.3738795e+02	   3.3620459e+02	
  -8.1209936e+02	   3.1642816e+02	
  -8.2498779e+02	   3.2841472e+02	
  -8.5770994e+02	   2.7377018e+02	
  -8.5109602e+02	   2.7531929e+02	
  -8.5451002e+02	   2.7565388e+02	
  -8.3272546e+02	   2.9004252e+02	
  -8.4830822e+02	   3.0328638e+02	
  -8.4473648e+02	   2.8840736e+02	
  -8.7500265e+02	   3.0125608e+02	
  -8.8626624e+02	   2.9884340e+02	
  -9.1066777e+02	   2.6011143e+02	
  -9.1296868e+02	   2.5448836e+02	
  -8.9166950e+02	   2.6586415e+02	
  -8.7116058e+02	   2.4242840e+02	
  -8.9358474e+02	   2.0815017e+02	
  -8.8160940e+02	   2.6656772e+02	
  -8.6652947e+02	   2.4194342e+02	
  -8.4695576e+02	   2.1491375e+02	
  -8.7868847e+02	   2.2738973e+02	
  -8.9571032e+02	   2.2890504e+02	
  -8.6585377e+02	   2.3500082e+02	
  -8.4683265e+02	   1.9475737e+02	
  -8.2963503e+02	   2.4170454e+02	
  -8.1341398e+02	   2.0060033e+02	
  -8.1390345e+02	   1.8766809e+02	
  -8.0080075e+02	   1.9165381e+02	
  -7.8823244e+02	   1.7745570e+02	
  -7.9869730e+02	   1.5909428e+02	
  -7.7541428e+02	   1.0975819e+02	
  -7.7819691e+02	   1.0782583e+02	
  -7.9007607e+02	   1.0814087e+02	
  -7.9009752e+02	   7.7966263e+01	
  -7.8631320e+02	   6.4451294e+01	
  -7.9573742e+02	   3.8657554e+01	
  -7.9404671e+02	  -1.4142734e+01	
  -8.0402938e+02	  -3.8676190e+01	
  -8.2617271e+02	  -3.8052531e+01	
  -8.4579075e+02	  -3.8314504e+01	
  -8.2731298e+02	  -5.1445870e+01	
  -8.2486131e+02	  -4.4235559e+01	
  -8.2763136e+02	  -3.8816943e+01	
  -8.5791575e+02	  -1.7767007e+01	
  -8.8342369e+02	  -6.3937524e+01	
  -8.5647594e+02	  -6.8550461e+01	
  -8.5113810e+02	  -8.4856049e+01	
  -8.7598447e+02	  -1.6463173e+02	
  -8.6246734e+02	  -1.8206392e+02	
  -8.7011668e+02	  -1.8885522e+02	
  -9.0495532e+02	  -2.1979559e+02	
  -8.8127963e+02	  -2.1758817e+02	
  -9.1633831e+02	  -2.8132559e+02	
  -9.3257701e+02	  -2.8791286e+02	
  -9.1644702e+02	  -3.0100336e+02	
  -9.4820700e+02	  -3.0647768e+02	
  -9.7948213e+02	  -3.4018648e+02	
  -1.0020433e+03	  -3.7984054e+02	
  -1.0176640e+03	  -4.1448341e+02	
  -1.0337664e+03	  -4.4102763e+02	
  -1.0522577e+03	  -4.6909068e+02	
  -1.0319174e+03	  -4.7054645e+02	
  -1.0378307e+03	  -5.1979629e+02	
  -1.0800003e+03	  -5.7964354e+02	
  -1.0242402e+03	  -5.7458234e+02	
  -1.0243724e+03	  -6.1660082e+02	
  -1.0509268e+03	  -6.1926069e+02	
  -1.0154441e+03	  -6.7518674e+02	
  -1.0288187e+03	  -6.9233066e+02	
  -1.0754798e+03	  -6.9040519e+02	
  -1.0888301e+03	  -6.6064820e+02	
  -1.1060953e+03	  -6.6140386e+02	
  -1.1408905e+03	  -6.8204365e+02	
  -1.1771777e+03	  -6.7957411e+02	
  -1.1577107e+03	  -7.0186863e+02	
  -1.1581049e+03	  -7.2173094e+02	
  -1.1615677e+03	  -7.0334728e+02	
  -1.1634857e+03	  -7.3693414e+02	
  -1.1881784e+03	  -7.4814125e+02	
  -1.1978215e+03	  -7.7842424e+02	
  -1.2005698e+03	  -7.5904030e+02	
  -1.2129802e+03	  -7.7420801e+02	
  -1.2706886e+03	  -7.9952070e+02	
  -1.3118413e+03	  -8.1718860e+02	
  -1.3130893e+03	  -7.9165381e+02	
  -1.2845512e+03	  -8.0326112e+02	
  -1.3008661e+03	  -7.8923507e+02	
  -1.2939119e+03	  -7.7648268e+02	
  -1.2809015e+03	  -8.1444102e+02	
  -1.2716524e+03	  -8.2035916e+02	
  -1.2912222e+03	  -8.4437958e+02	
  -1.2630350e+03	  -8.7141612e+02	
  -1.2950985e+03	  -8.7612390e+02	
  -1.2491811e+03	  -8.8589733e+02	
  -1.2446318e+03	  -9.1687151e+02	
  -1.2031629e+03	  -9.2319948e+02	
  -1.1876343e+03	  -9.5626571e+02	
  -1.1615720e+03	  -9.5744973e+02	
  -1.1828063e+03	  -9.6779609e+02	
  -1.1884077e+03	  -9.7457141e+02	
  -1.1936118e+03	  -9.8777916e+02	
  -1.2185441e+03	  -1.0037751e+03	
  -1.2025176e+03	  -9.7151584e+02	
  -1.2330114e+03	  -9.2282268e+02	
  -1.1990703e+03	  -9.1981332e+02	
  -1.2090841e+03	  -9.3336820e+02	
  -1.1888934e+03	  -9.4945068e+02	
  -1.1996835e+03	  -9.3175505e+02	
  -1.1882928e+03	  -9.1450285e+02	
  -1.1764690e+03	  -9.2493058e+02	
  -1.1873555e+03	  -9.0638312e+02	
  -1.2019132e+03	  -8.7962126e+02	
  -1.1843533e+03	  -8.7156537e+02	
  -1.1858661e+03	  -8.5989184e+02	
  -1.1023270e+03	  -8.5995835e+02	
  -1.1353690e+03	  -8.1269553e+02	
  -1.1122544e+03	  -8.2507551e+02	
  -1.0470548e+03	  -8.0668107e+02	
  -1.0331253e+03	  -8.2219446e+02	
  -1.0466535e+03	  -8.6142407e+02	
  -1.0481255e+03	  -8.8807026e+02	
  -1.0286213e+03	  -9.0198031e+02	
  -9.8320648e+02	  -8.7400571e+02	
  -9.7262545e+02	  -8.8601283e+02	
  -9.3580418e+02	  -9.1472185e+02	
  -9.1057450e+02	  -9.3444980e+02	
  -9.0894828e+02	  -9.5718165e+02	
  -8.8513478e+02	  -9.8354963e+02	
  -9.0178542e+02	  -9.7966674e+02	
  -9.0411142e+02	  -9.8014697e+02	
  -9.0835990e+02	  -9.8006712e+02	
  -9.6592932e+02	  -9.7398927e+02	
  -9.2252820e+02	  -9.5332199e+02	
  -9.0423120e+02	  -9.6089588e+02	
  -8.9658498e+02	  -9.5560022e+02	
  -8.8933013e+02	  -9.7678110e+02	
  -8.9303248e+02	  -9.8319198e+02	
  -9.0054191e+02	  -9.6794919e+02	
  -8.3853725e+02	  -1.0027158e+03	
  -8.3173500e+02	  -1.0396924e+03	
  -7.9189544e+02	  -1.0139584e+03	
  -8.2219324e+02	  -9.7623792e+02	
  -8.3916201e+02	  -9.7271729e+02	
  -8.1076321e+02	  -9.6723098e+02	
  -7.5497643e+02	  -9.0120906e+02	
  -7.4479089e+02	  -9.4284064e+02	
  -7.4235596e+02	  -9.5675217e+02	
  -7.5150786e+02	  -9.8437917e+02	
  -7.4359168e+02	  -9.3859045e+02	
  -7.5640748e+02	  -9.4864304e+02	
  -7.2535000e+02	  -9.1863238e+02	
  -7.1069362e+02	  -8.9338841e+02	
  -6.8379955e+02	  -8.9823829e+02	
  -6.6622647e+02	  -9.0067714e+02	
  -6.7864817e+02	  -8.8361225e+02	
  -6.6954113e+02	  -8.8645186e+02	
  -6.5791643e+02	  -8.6077711e+02	
  -6.4351341e+02	  -8.5385971e+02	
  -6.3101565e+02	  -8.4851150e+02	
  -6.4274311e+02	  -8.2640602e+02	
  -6.0386645e+02	  -8.3530620e+02	
  -5.5345919e+02	  -8.3535037e+02	
  -5.4935180e+02	  -8.5464150e+02	
  -5.5573746e+02	  -8.7675789e+02	
  -5.3851263e+02	  -8.4162590e+02	
  -5.1946990e+02	  -8.2370316e+02	
  -4.8017567e+02	  -8.7988741e+02	
  -4.7458558e+02	  -8.7044129e+02	
  -4.4649612e+02	  -9.0561931e+02	
  -4.6019257e+02	  -8.9075034e+02	
  -4.5342127e+02	  -8.8285480e+02	
  -4.6982651e+02	  -9.2317759e+02	
  -4.4690854e+02	  -8.9736548e+02	
  -4.0466796e+02	  -9.3806961e+02	
  -4.2868838e+02	  -9.7552601e+02	
  -4.2072109e+02	  -9.9755476e+02	
  -3.8493275e+02	  -1.0418282e+03	
  -4.1978714e+02	  -1.0479469e+03	
  -3.8469324e+02	  -1.0789890e+03	
  -4.1082450e+02	  -1.0930064e+03	
  -4.4400127e+02	  -1.1037032e+03	
  -4.2388766e+02	  -1.1085328e+03	
  -4.7009567e+02	  -1.1298258e+03	
  -4.7728485e+02	  -1.0950841e+03	
  -4.5967966e+02	  -1.1032020e+03	
  -4.3084113e+02	  -1.1303191e+03	
  -4.3681883e+02	  -1.1015145e+03	
  -3.9695570e+02	  -1.0896597e+03	
  -3.8096258e+02	  -1.1046370e+03	
  -3.5570505e+02	  -1.1251565e+03	
  -3.3398896e+02	  -1.1223595e+03	
  -2.9798588e+02	  -1.1375864e+03	
  -2.7277879e+02	  -1.1233663e+03	
  -2.8206998e+02	  -1.1240654e+03	
  -2.3386348e+02	  -1.1236601e+03	
  -2.3222721e+02	  -1.1150557e+03	
  -2.2732216e+02	  -1.1063367e+03	
  -2.2157546e+02	  -1.1073582e+03	
  -2.0323466e+02	  -1.0754465e+03	
  -1.8528393e+02	  -1.0360177e+03	
  -2.2469735e+02	  -1.0420031e+03	
  -2.1255596e+02	  -1.0555704e+03	
  -2.4057081e+02	  -1.0386138e+03	
  -2.2392226e+02	  -1.0312067e+03	
  -2.1402058e+02	  -1.0496053e+03	
  -2.2249124e+02	  -1.0508994e+03	
  -2.3508210e+02	  -1.0442750e+03	
  -1.7760437e+02	  -1.0564598e+03	
  -1.5927033e+02	  -1.0813720e+03	
  -1.1867711e+02	  -1.1069694e+03	
  -1.0353372e+02	  -1.1271027e+03	
  -7.9658497e+01	  -1.1340469e+03	
  -6.9730495e+01	  -1.0717379e+03	
  -7.3902347e+01	  -1.0758300e+03	
  -1.9412110e+00	  -1.0994099e+03	
   2.0533469e+01	  -1.1243474e+03	
   5.9961727e+01	  -1.1203711e+03	
   9.0360623e+01	  -1.1320868e+03	
   1.1209711e+02	  -1.1011989e+03	
   7.4008879e+01	  -1.1422767e+03	
   9.5705079e+01	  -1.1586731e+03	
   9.5190061e+01	  -1.1996436e+03	
   8.1544226e+01	  -1.2168638e+03	
   7.0444662e+01	  -1.2474058e+03	
   6.4008684e+01	  -1.2797472e+03	
   9.7881383e+01	  -1.3145348e+03	
   1.4431892e+02	  -1.3362126e+03	
   1.1889410e+02	  -1.3642898e+03	
   1.5115960e+02	  -1.3524276e+03	
   1.6158790e+02	  -1.3573277e+03	
   1.8527565e+02	  -1.3995388e+03	
   1.8053198e+02	  -1.4512063e+03	
   1.7894475e+02	  -1.4419765e+03	
   2.0234582e+02	  -1.4024840e+03	
   2.1246773e+02	  -1.4613221e+03	
   2.6019775e+02	  -1.4361826e+03	
   2.5588232e+02	  -1.4400769e+03	
   2.8589826e+02	  -1.4362362e+03	
   3.1199353e+02	  -1.4435596e+03	
   3.2246937e+02	  -1.4457078e+03	
   3.1554188e+02	  -1.4168492e+03	
   3.2527765e+02	  -1.4037620e+03	
   3.1239791e+02	  -1.4287746e+03	
   3.1667642e+02	  -1.4352454e+03	
   3.4935677e+02	  -1.4249264e+03	
   3.6813840e+02	  -1.4626422e+03	
   3.5451138e+02	  -1.4616044e+03	
   3.5475022e+02	  -1.4378883e+03	
   3.9166968e+02	  -1.4556389e+03	
   4.1847594e+02	  -1.4245384e+03	
   4.3600494e+02	  -1.3885103e+03	
   4.7212490e+02	  -1.3812211e+03	
   5.0438368e+02	  -1.3720197e+03	
   5.0818778e+02	  -1.3601154e+03	
   5.2244757e+02	  -1.3656940e+03	
   5.7522473e+02	  -1.3580479e+03	
   6.5178064e+02	  -1.3639783e+03	
   6.8293763e+02	  -1.3258204e+03	
   7.6921783e+02	  -1.3172258e+03	
   7.7323174e+02	  -1.2935506e+03	
   7.6690290e+02	  -1.2951858e+03	
   7.9151230e+02	  -1.2549830e+03	
   8.3955339e+02	  -1.2508258e+03	
   8.7716449e+02	  -1.2513183e+03	
   9.1161831e+02	  -1.2010803e+03	
   9.3494818e+02	  -1.2027129e+03	
   9.4239493e+02	  -1.1773865e+03	
   9.9117751e+02	  -1.1205446e+03	
   1.0087496e+03	  -1.1072859e+03	
   1.0121655e+03	  -1.0567624e+03	
   1.0265483e+03	  -1.0558545e+03	
   1.0917345e+03	  -1.0236615e+03	
   1.1240248e+03	  -1.0367128e+03	
   1.1542862e+03	  -1.0144163e+03	
   1.1483710e+03	  -1.0126668e+03	
   1.1565580e+03	  -9.9267683e+02	
   1.1464337e+03	  -9.6015890e+02	
   1.2000036e+03	  -9.5875876e+02	
   1.2110522e+03	  -9.3724364e+02	
   1.2546715e+03	  -9.1684967e+02	
   1.2792919e+03	  -9.1930406e+02	
   1.2911112e+03	  -8.9633603e+02	
   1.3471233e+03	  -8.7581356e+02	
   1.3350568e+03	  -8.5707793e+02	
   1.3505988e+03	  -8.5358767e+02	
   1.3588307e+03	  -8.6551388e+02	
   1.3639807e+03	  -8.7761184e+02	
   1.3670210e+03	  -8.7152587e+02	
   1.3816008e+03	  -8.7449754e+02	
   1.3879479e+03	  -8.7101684e+02	
   1.4090442e+03	  -8.3837338e+02	
   1.4339917e+03	  -8.4112036e+02	
   1.4599245e+03	  -8.4064038e+02	
   1.4311781e+03	  -8.9149352e+02	
   1.4025803e+03	  -8.9585163e+02	
   1.3935605e+03	  -9.1652704e+02	
   1.3968268e+03	  -9.3531284e+02	
   1.3846620e+03	  -9.2525462e+02	
   1.4065087e+03	  -8.7164142e+02	
   1.4173149e+03	  -8.6919545e+02	
   1.4102287e+03	  -8.6761489e+02	
   1.4154576e+03	  -9.0449592e+02	
   1.4144574e+03	  -8.8535933e+02	
   1.4060687e+03	  -8.7527660e+02	
   1.4336505e+03	  -8.4841612e+02	
   1.4564152e+03	  -8.9818052e+02	
   1.4509383e+03	  -8.7401323e+02	
   1.4686268e+03	  -8.7549977e+02	
   1.4858529e+03	  -8.4756374e+02	
   1.4976327e+03	  -8.6310995e+02	
   1.5022135e+03	  -8.6429437e+02	
   1.5317505e+03	  -8.5345195e+02	
   1.5531704e+03	  -8.4875080e+02	
   1.5552944e+03	  -8.4499109e+02	
   1.5709328e+03	  -8.7553917e+02	
   1.5842706e+03	  -8.5285224e+02	
   1.5910900e+03	  -8.1697094e+02	
   1.6135178e+03	  -8.2372534e+02	
   1.6190083e+03	  -8.2465100e+02	
   1.6345031e+03	  -8.0370319e+02	
   1.6367388e+03	  -7.8990193e+02	
   1.6870987e+03	  -7.6308812e+02	
   1.7163339e+03	  -7.7626532e+02	
   1.7177170e+03	  -7.6429764e+02	
   1.7289295e+03	  -7.9889330e+02	
   1.7041810e+03	  -7.7231154e+02	
   1.6949691e+03	  -7.2342216e+02	
   1.6471280e+03	  -7.0784562e+02	
   1.6487207e+03	  -7.1646753e+02	
   1.6563906e+03	  -7.2762596e+02	
   1.6773639e+03	  -7.2212438e+02	
   1.6422930e+03	  -7.7711905e+02	
   1.6396251e+03	  -7.5000143e+02	
   1.6441163e+03	  -7.5216487e+02	
   1.6613285e+03	  -7.8435652e+02	
   1.6978567e+03	  -8.0602131e+02	
   1.7049017e+03	  -8.1877094e+02	
   1.7172022e+03	  -8.6979895e+02	
   1.7609987e+03	  -8.6353869e+02	
   1.8174911e+03	  -8.3894877e+02	
   1.8314308e+03	  -8.6521734e+02	
   1.8065804e+03	  -8.6627100e+02	
   1.8237324e+03	  -8.4531563e+02	
   1.8086890e+03	  -8.2854792e+02	
   1.8175357e+03	  -8.4549723e+02	
   1.8409931e+03	  -8.3768400e+02	
   1.8421314e+03	  -7.9392564e+02	
   1.8646090e+03	  -7.9440158e+02	
   1.8789044e+03	  -7.8679401e+02	
   1.8920947e+03	  -7.7215976e+02	
   1.8870987e+03	  -7.8710171e+02	
   1.9039692e+03	  -7.3929683e+02	
   1.9037774e+03	  -7.6014093e+02	
   1.9056815e+03	  -7.6573286e+02	
   1.9043460e+03	  -7.5261817e+02	
   1.9068769e+03	  -7.6523996e+02	
   1.9013722e+03	  -7.9447722e+02	
   1.8856380e+03	  -8.2866883e+02	
   1.8764757e+03	  -8.5891843e+02	
   1.8610434e+03	  -8.7348381e+02	
   1.8331401e+03	  -8.8217210e+02	
   1.8398330e+03	  -9.1194470e+02	
   1.8638334e+03	  -9.5612024e+02	
   1.8557182e+03	  -1.0005437e+03	
   1.8511846e+03	  -1.0444510e+03	
   1.8397682e+03	  -1.0768014e+03	
   1.8129218e+03	  -1.1413020e+03	
   1.8254082e+03	  -1.1110227e+03	
   1.8759549e+03	  -1.1392793e+03	
   1.8777404e+03	  -1.1604458e+03	
   1.8870851e+03	  -1.1932816e+03	
   1.8480184e+03	  -1.2062124e+03	
   1.8228642e+03	  -1.2638507e+03	
   1.8771116e+03	  -1.2826532e+03	
   1.8861412e+03	  -1.2707446e+03	
   1.8525456e+03	  -1.2741876e+03	
   1.8686459e+03	  -1.2810330e+03	
   1.8731580e+03	  -1.3011388e+03	
   1.8930388e+03	  -1.3291363e+03	
   1.8782423e+03	  -1.3217470e+03	
   1.9225380e+03	  -1.3408570e+03	
   1.9148060e+03	  -1.3391142e+03	
   1.9473608e+03	  -1.3243288e+03	
   1.9599982e+03	  -1.3449760e+03	
   1.9832674e+03	  -1.3511874e+03	
   2.0243361e+03	  -1.3906077e+03	
   2.0381385e+03	  -1.3677692e+03	
   2.0388021e+03	  -1.3912439e+03	
   2.0272242e+03	  -1.4034139e+03	
   2.0298723e+03	  -1.4075200e+03	
   2.0139959e+03	  -1.4128375e+03	
   2.0037483e+03	  -1.4279035e+03	
   1.9858545e+03	  -1.4408834e+03	
   2.0705605e+03	  -1.3677209e+03	
   2.1010096e+03	  -1.3529215e+03	
   2.0835636e+03	  -1.3624469e+03	
   2.0805141e+03	  -1.3468455e+03	
   2.0983783e+03	  -1.3436266e+03	
   2.0959459e+03	  -1.3641938e+03	
   2.1024852e+03	  -1.3376446e+03	
   2.1179831e+03	  -1.3349292e+03	
   2.1393866e+03	  -1.3200034e+03	
   2.1086605e+03	  -1.3182283e+03	
   2.1052392e+03	  -1.3642653e+03	
   2.0761972e+03	  -1.3727723e+03	
   2.0964989e+03	  -1.3839838e+03	
   2.1024443e+03	  -1.4106480e+03	
   2.0546120e+03	  -1.4144896e+03	
   2.0336557e+03	  -1.3939253e+03	
   2.0707779e+03	  -1.4072938e+03	
   2.0966927e+03	  -1.3869277e+03	
   2.0674053e+03	  -1.3900556e+03	
   2.0782001e+03	  -1.3781375e+03	
   2.0953555e+03	  -1.3628227e+03	
   2.1143724e+03	  -1.3693572e+03	
   2.1284901e+03	  -1.4212049e+03	
   2.1074406e+03	  -1.3953855e+03	
   2.0971897e+03	  -1.3936157e+03	
   2.1344159e+03	  -1.4163280e+03	
   2.1142109e+03	  -1.4301030e+03	
   2.1296901e+03	  -1.4396006e+03	
   2.1095423e+03	  -1.4819776e+03	
   2.1039181e+03	  -1.4938369e+03	
   2.0919381e+03	  -1.5094121e+03	
   2.0661285e+03	  -1.5050191e+03	
   2.0133342e+03	  -1.5090337e+03	
   2.0239694e+03	  -1.5343316e+03	
   2.0152211e+03	  -1.5331228e+03	
   1.9970108e+03	  -1.5403468e+03	
   2.0031916e+03	  -1.5679806e+03	
   2.0193083e+03	  -1.5484263e+03	
   2.0260028e+03	  -1.5547660e+03	
   2.0000280e+03	  -1.5467095e+03	
   1.9719930e+03	  -1.5125322e+03	
   1.9812081e+03	  -1.5070570e+03	
   1.9676759e+03	  -1.5560891e+03	
   1.9372443e+03	  -1.5482886e+03	
   1.9902943e+03	  -1.5364715e+03	
   1.9945744e+03	  -1.5523233e+03	
   2.0008413e+03	  -1.5315760e+03	
   1.9979923e+03	  -1.4893881e+03	
   1.9717107e+03	  -1.4966122e+03	
   1.9732689e+03	  -1.5383194e+03	
   1.9845521e+03	  -1.5366336e+03	
   1.9859917e+03	  -1.5224957e+03	
   2.0117785e+03	  -1.5062185e+03	
   2.0030226e+03	  -1.5071674e+03	
   2.0151430e+03	  -1.5354958e+03	
   1.9931584e+03	  -1.5464416e+03	
   1.9969911e+03	  -1.5084215e+03	
   2.0155105e+03	  -1.5213677e+03	
   2.0019755e+03	  -1.4840283e+03	
   2.0688695e+03	  -1.4791768e+03	
   2.0611775e+03	  -1.5085675e+03	
   2.0928791e+03	  -1.5002458e+03	
   2.1272016e+03	  -1.5235042e+03	
   2.1421480e+03	  -1.5406137e+03	
   2.1827993e+03	  -1.5577789e+03	
   2.1914925e+03	  -1.5713489e+03	
   2.2268988e+03	  -1.5672278e+03	
   2.2142915e+03	  -1.5874688e+03	
   2.2005696e+03	  -1.5798843e+03	
   2.2147683e+03	  -1.6233020e+03	
   2.1742522e+03	  -1.6291500e+03	
   2.1942864e+03	  -1.6332747e+03	
   2.1583620e+03	  -1.6765340e+03	
   2.1803630e+03	  -1.6871002e+03	
   2.1708248e+03	  -1.6659855e+03	
   2.1541847e+03	  -1.6701287e+03	
   2.1646350e+03	  -1.6543979e+03	
   2.1443440e+03	  -1.6487600e+03	
   2.2097545e+03	  -1.6853644e+03	
   2.2219335e+03	  -1.6931985e+03	
   2.2110170e+03	  -1.7189933e+03	
   2.2297307e+03	  -1.6710576e+03	
   2.2157438e+03	  -1.6635828e+03	
   2.2073964e+03	  -1.6161580e+03	
   2.2224470e+03	  -1.6166144e+03	
   2.2390216e+03	  -1.6111572e+03	
   2.2693123e+03	  -1.6122319e+03	
   2.2492795e+03	  -1.6043644e+03	
   2.2929573e+03	  -1.6313104e+03	
   2.2923942e+03	  -1.6074607e+03	
   2.2552779e+03	  -1.5943400e+03	
   2.2775616e+03	  -1.5877488e+03	
   2.2604631e+03	  -1.5854324e+03	
   2.2654955e+03	  -1.5612629e+03	
   2.2825119e+03	  -1.5670757e+03	
   2.3235029e+03	  -1.5647670e+03	
   2.3103499e+03	  -1.5733384e+03	
   2.3385748e+03	  -1.5678773e+03	
   2.3653994e+03	  -1.5662955e+03	
   2.4323173e+03	  -1.6050368e+03	
   2.4342819e+03	  -1.6082233e+03	
   2.4514165e+03	  -1.5786175e+03	
   2.4682870e+03	  -1.5835798e+03	
   2.4807721e+03	  -1.5647362e+03	
   2.4749400e+03	  -1.5531428e+03	
   2.4470234e+03	  -1.5523554e+03	
   2.4301449e+03	  -1.5650260e+03	
   2.4380812e+03	  -1.5904168e+03	
   2.4155320e+03	  -1.6278664e+03	
   2.3644914e+03	  -1.6367201e+03	
   2.3895861e+03	  -1.6485177e+03	
   2.3796054e+03	  -1.6795718e+03	
   2.4167696e+03	  -1.6922378e+03	
   2.4487092e+03	  -1.6920038e+03	
   2.4489330e+03	  -1.6735823e+03	
   2.4799799e+03	  -1.6804601e+03	
   2.5175753e+03	  -1.6403073e+03	
   2.5258022e+03	  -1.6470239e+03	
   2.5464873e+03	  -1.6362691e+03	
   2.5753158e+03	  -1.6413197e+03	
   2.6026474e+03	  -1.6157194e+03	
   2.6186621e+03	  -1.6112431e+03	
   2.6012392e+03	  -1.6359912e+03	
   2.5766239e+03	  -1.6642713e+03	
   2.5778072e+03	  -1.7055314e+03	
   2.6327833e+03	  -1.6949438e+03	
   2.5891465e+03	  -1.7302839e+03	
   2.5946062e+03	  -1.7767052e+03	
   2.5862151e+03	  -1.7605717e+03	
   2.5849344e+03	  -1.7727178e+03	
   2.5632813e+03	  -1.7922381e+03	
   2.5326103e+03	  -1.7903495e+03	
   2.5202367e+03	  -1.7788295e+03	
   2.5456034e+03	  -1.7580637e+03	
   2.5429873e+03	  -1.7716586e+03	
   2.5160221e+03	  -1.7693199e+03	
   2.5390905e+03	  -1.7795855e+03	
   2.5341406e+03	  -1.7674794e+03	
   2.5563845e+03	  -1.8034752e+03	
   2.5634188e+03	  -1.8015202e+03	
   2.5642345e+03	  -1.7860726e+03	
   2.5597422e+03	  -1.8089514e+03	
   2.5692716e+03	  -1.8002805e+03	
   2.5666321e+03	  -1.7852666e+03	
   2.5338551e+03	  -1.8122053e+03	
   2.4623482e+03	  -1.8011641e+03	
   2.4338776e+03	  -1.8105741e+03	
   2.4467292e+03	  -1.8115655e+03	
   2.4274986e+03	  -1.8343475e+03	
   2.4169693e+03	  -1.8235545e+03	
   2.3760379e+03	  -1.8295845e+03	
   2.3882584e+03	  -1.8657016e+03	
   2.3965525e+03	  -1.8538876e+03	
   2.3723009e+03	  -1.8956624e+03	
   2.3800082e+03	  -1.8819960e+03	
   2.3898611e+03	  -1.8713898e+03	
   2.3604588e+03	  -1.8613505e+03	
   2.3453873e+03	  -1.8760673e+03	
   2.3042010e+03	  -1.8514460e+03	
   2.3019592e+03	  -1.8296610e+03	
   2.3293185e+03	  -1.8550283e+03	
   2.3399235e+03	  -1.8538647e+03	
   2.3615205e+03	  -1.8297021e+03	
   2.3826722e+03	  -1.8496217e+03	
   2.3835697e+03	  -1.8426732e+03	
   2.4624542e+03	  -1.8152076e+03	
   2.5234916e+03	  -1.8049612e+03	
   2.5428736e+03	  -1.7873752e+03	
   2.5468590e+03	  -1.7545752e+03	
   2.5561462e+03	  -1.7818507e+03	
   2.5863482e+03	  -1.8137321e+03	
   2.5521087e+03	  -1.8077357e+03	
   2.5380423e+03	  -1.8327184e+03	
   2.5367452e+03	  -1.8470520e+03	
   2.5325419e+03	  -1.8454409e+03	
   2.5063548e+03	  -1.8789239e+03	
   2.4571002e+03	  -1.8926290e+03	
   2.4689808e+03	  -1.9161885e+03	
   2.4747152e+03	  -1.9107912e+03	
   2.4960206e+03	  -1.8946535e+03	
   2.4805074e+03	  -1.9188046e+03	
   2.4837916e+03	  -1.9370478e+03	
   2.5183443e+03	  -1.9099058e+03	
   2.5227839e+03	  -1.9247533e+03	
   2.5401096e+03	  -1.9419353e+03	
   2.5421719e+03	  -1.9582118e+03	
   2.5499576e+03	  -1.9371153e+03	
   2.5718791e+03	  -1.9149656e+03	
   2.5553519e+03	  -1.9114063e+03	
   2.5373849e+03	  -1.9009833e+03	
   2.5466744e+03	  -1.8693356e+03	
   2.5728125e+03	  -1.8514260e+03	
   2.5636871e+03	  -1.8576127e+03	
   2.5198954e+03	  -1.8637599e+03	
   2.4840714e+03	  -1.8401356e+03	
   2.5004536e+03	  -1.8355592e+03	
   2.4860576e+03	  -1.8289484e+03	
   2.5217780e+03	  -1.7943113e+03	
   2.5104773e+03	  -1.7864530e+03	
   2.4867020e+03	  -1.7708328e+03	
   2.5039873e+03	  -1.7440977e+03	
   2.4663476e+03	  -1.7259488e+03	
   2.4451830e+03	  -1.7272551e+03	
   2.4590207e+03	  -1.7133938e+03	
   2.4507336e+03	  -1.6939384e+03	
   2.4875538e+03	  -1.7028279e+03	
   2.4556113e+03	  -1.7245610e+03	
   2.4354231e+03	  -1.7381054e+03	
   2.4465247e+03	  -1.7881457e+03	
   2.4489158e+03	  -1.8101863e+03	
   2.4740676e+03	  -1.8381697e+03	
   2.4752447e+03	  -1.8685310e+03	
   2.4623413e+03	  -1.8838952e+03	
   2.4586538e+03	  -1.9059475e+03	
   2.4849984e+03	  -1.9019665e+03	
   2.5294803e+03	  -1.9166491e+03	
   2.5598097e+03	  -1.9722005e+03	
   2.5841101e+03	  -1.9717585e+03	
   2.5855424e+03	  -1.9667859e+03	
   2.6155655e+03	  -1.9503405e+03	
   2.6334053e+03	  -1.9407031e+03	
   2.6268959e+03	  -1.9682188e+03	
   2.6288783e+03	  -1.9659862e+03	
   2.6568747e+03	  -1.9893634e+03	
   2.6511250e+03	  -1.9239019e+03	
   2.6435173e+03	  -1.8816133e+03	
   2.6707747e+03	  -1.8891971e+03	
   2.6724513e+03	  -1.8873142e+03	
   2.6898438e+03	  -1.8518483e+03	
   2.6570914e+03	  -1.8008126e+03	
   2.6802045e+03	  -1.8061481e+03	
   2.6790014e+03	  -1.7894976e+03	
